records:
  names: [median_width, goal_angle_max, gaussian_width, contiguous_min, laser_max,
    use_prefiltering, distance_threshold]
  particles:
  - [0.07, 1.3000000000000003, 0.07, 109.0, 8.0, 0.0, 6.399999999999999]
  - [0.17500000000000002, 1.5000000000000004, 0.45500000000000007, 73.0, 11.0, 0.0,
    3.5999999999999996]
  - [0.31500000000000006, 1.1, 0.10500000000000001, 7.0, 6.5, 1.0, 6.799999999999999]
  - [0.21000000000000002, 1.6000000000000005, 0.0, 139.0, 11.0, 1.0, 7.199999999999999]
  - [0.24500000000000002, 1.1, 0.28, 145.0, 6.5, 1.0, 6.399999999999999]
  - [0.17500000000000002, 1.3000000000000003, 0.45500000000000007, 133.0, 6.5, 0.0,
    7.599999999999999]
  - [0.24500000000000002, 1.5000000000000004, 0.21000000000000002, 103.0, 11.0, 1.0,
    7.599999999999999]
  - [0.31500000000000006, 1.1, 0.10500000000000001, 79.0, 11.0, 0.0, 3.5999999999999996]
  - [0.28, 1.4000000000000004, 0.21000000000000002, 115.0, 9.5, 1.0, 2.0]
  - [0.14, 1.3000000000000003, 0.17500000000000002, 121.0, 9.5, 0.0, 6.399999999999999]
  - [0.21000000000000002, 1.1, 0.035, 37.0, 9.5, 1.0, 5.999999999999999]
  - [0.07, 1.5000000000000004, 0.17500000000000002, 79.0, 11.0, 1.0, 7.199999999999999]
  - [0.07, 1.1, 0.385, 1.0, 9.5, 0.0, 4.799999999999999]
  - [0.31500000000000006, 1.3000000000000003, 0.42000000000000004, 61.0, 8.0, 0.0,
    2.4]
  - [0.385, 1.4000000000000004, 0.24500000000000002, 133.0, 5.0, 0.0, 7.199999999999999]
  - [0.35000000000000003, 1.6000000000000005, 0.035, 67.0, 8.0, 1.0, 2.0]
  - [0.24500000000000002, 1.6000000000000005, 0.0, 49.0, 9.5, 0.0, 3.5999999999999996]
  - [0.28, 1.1, 0.42000000000000004, 7.0, 5.0, 1.0, 6.399999999999999]
  - [0.14, 1.3000000000000003, 0.42000000000000004, 121.0, 9.5, 0.0, 7.199999999999999]
  - [0.17500000000000002, 1.5000000000000004, 0.385, 25.0, 5.0, 1.0, 5.999999999999999]
  - [0.21000000000000002, 1.4000000000000004, 0.31500000000000006, 133.0, 8.0, 0.0,
    5.6]
  - [0.07, 1.1, 0.49000000000000005, 79.0, 5.0, 0.0, 6.799999999999999]
  - [0.385, 1.1, 0.035, 109.0, 5.0, 0.0, 3.1999999999999997]
  - [0.0, 1.1, 0.24500000000000002, 145.0, 9.5, 1.0, 2.8]
  - [0.35000000000000003, 1.1, 0.21000000000000002, 91.0, 9.5, 0.0, 2.8]
  - [0.28, 1.2000000000000002, 0.10500000000000001, 73.0, 6.5, 0.0, 7.199999999999999]
  - [0.31500000000000006, 1.6000000000000005, 0.45500000000000007, 121.0, 9.5, 1.0,
    4.3999999999999995]
  - [0.385, 1.1, 0.14, 67.0, 11.0, 0.0, 4.799999999999999]
  - [0.31500000000000006, 1.5000000000000004, 0.385, 73.0, 5.0, 0.0, 2.4]
  - [0.035, 1.3000000000000003, 0.24500000000000002, 13.0, 8.0, 1.0, 2.8]
  - [0.10500000000000001, 1.1, 0.0, 85.0, 5.0, 0.0, 5.999999999999999]
  - [0.14, 1.1, 0.14, 67.0, 5.0, 0.0, 3.5999999999999996]
  - [0.24500000000000002, 1.3000000000000003, 0.035, 31.0, 5.0, 1.0, 5.6]
  - [0.10500000000000001, 1.4000000000000004, 0.21000000000000002, 13.0, 5.0, 0.0,
    6.799999999999999]
  - [0.31500000000000006, 1.3000000000000003, 0.14, 145.0, 11.0, 0.0, 5.999999999999999]
  - [0.21000000000000002, 1.3000000000000003, 0.385, 31.0, 5.0, 1.0, 4.3999999999999995]
  - [0.035, 1.1, 0.07, 121.0, 6.5, 1.0, 2.0]
  - [0.10500000000000001, 1.2000000000000002, 0.07, 61.0, 11.0, 0.0, 3.5999999999999996]
  - [0.07, 1.3000000000000003, 0.42000000000000004, 7.0, 6.5, 0.0, 3.1999999999999997]
  - [0.21000000000000002, 1.5000000000000004, 0.385, 127.0, 6.5, 0.0, 4.799999999999999]
  - [0.10500000000000001, 1.4000000000000004, 0.14, 25.0, 9.5, 0.0, 3.5999999999999996]
  - [0.21000000000000002, 1.4000000000000004, 0.28, 61.0, 8.0, 0.0, 5.199999999999999]
  - [0.0, 1.2000000000000002, 0.0, 103.0, 11.0, 1.0, 2.0]
  - [0.385, 1.6000000000000005, 0.28, 43.0, 11.0, 1.0, 4.3999999999999995]
  - [0.14, 1.4000000000000004, 0.24500000000000002, 31.0, 11.0, 0.0, 7.199999999999999]
  - [0.28, 1.3000000000000003, 0.24500000000000002, 145.0, 6.5, 1.0, 2.8]
  - [0.07, 1.1, 0.0, 73.0, 11.0, 1.0, 3.9999999999999996]
  - [0.385, 1.2000000000000002, 0.035, 103.0, 5.0, 0.0, 7.599999999999999]
  - [0.35000000000000003, 1.5000000000000004, 0.45500000000000007, 121.0, 8.0, 0.0,
    2.4]
  - [0.14, 1.1, 0.31500000000000006, 13.0, 6.5, 0.0, 4.799999999999999]
  - [0.07, 1.3000000000000003, 0.31500000000000006, 49.0, 6.5, 0.0, 2.8]
  - [0.10500000000000001, 1.2000000000000002, 0.385, 85.0, 5.0, 1.0, 7.199999999999999]
  - [0.14, 1.2000000000000002, 0.07, 85.0, 9.5, 0.0, 5.199999999999999]
  - [0.35000000000000003, 1.6000000000000005, 0.35000000000000003, 79.0, 11.0, 1.0,
    7.199999999999999]
  - [0.035, 1.3000000000000003, 0.49000000000000005, 145.0, 9.5, 0.0, 3.9999999999999996]
  - [0.0, 1.1, 0.21000000000000002, 19.0, 8.0, 1.0, 3.1999999999999997]
  - [0.14, 1.2000000000000002, 0.14, 103.0, 11.0, 0.0, 3.5999999999999996]
  - [0.07, 1.6000000000000005, 0.28, 67.0, 9.5, 1.0, 4.799999999999999]
  - [0.14, 1.1, 0.10500000000000001, 139.0, 11.0, 1.0, 4.3999999999999995]
  - [0.10500000000000001, 1.2000000000000002, 0.07, 115.0, 8.0, 1.0, 2.0]
  - [0.17500000000000002, 1.4000000000000004, 0.14, 25.0, 11.0, 0.0, 2.8]
  - [0.35000000000000003, 1.1, 0.35000000000000003, 127.0, 9.5, 0.0, 6.399999999999999]
  - [0.28, 1.6000000000000005, 0.035, 43.0, 5.0, 0.0, 4.799999999999999]
  - [0.31500000000000006, 1.6000000000000005, 0.31500000000000006, 91.0, 6.5, 1.0,
    2.0]
  - [0.35000000000000003, 1.3000000000000003, 0.385, 19.0, 8.0, 1.0, 3.9999999999999996]
  - [0.10500000000000001, 1.4000000000000004, 0.10500000000000001, 55.0, 5.0, 1.0,
    2.0]
  - [0.10500000000000001, 1.2000000000000002, 0.10500000000000001, 109.0, 6.5, 1.0,
    4.799999999999999]
  - [0.10500000000000001, 1.6000000000000005, 0.14, 49.0, 6.5, 0.0, 7.599999999999999]
  - [0.035, 1.3000000000000003, 0.07, 49.0, 5.0, 1.0, 3.1999999999999997]
  - [0.0, 1.3000000000000003, 0.21000000000000002, 133.0, 9.5, 0.0, 7.599999999999999]
  - [0.21000000000000002, 1.2000000000000002, 0.45500000000000007, 31.0, 5.0, 1.0,
    5.6]
  - [0.35000000000000003, 1.3000000000000003, 0.49000000000000005, 145.0, 5.0, 1.0,
    2.4]
  - [0.10500000000000001, 1.5000000000000004, 0.45500000000000007, 55.0, 5.0, 0.0,
    7.599999999999999]
  - [0.28, 1.1, 0.0, 1.0, 11.0, 1.0, 4.799999999999999]
  - [0.35000000000000003, 1.5000000000000004, 0.0, 85.0, 8.0, 0.0, 7.599999999999999]
  - [0.385, 1.2000000000000002, 0.17500000000000002, 13.0, 6.5, 0.0, 2.4]
  - [0.385, 1.2000000000000002, 0.42000000000000004, 109.0, 5.0, 1.0, 5.6]
  - [0.385, 1.6000000000000005, 0.035, 43.0, 11.0, 1.0, 4.3999999999999995]
  - [0.17500000000000002, 1.4000000000000004, 0.21000000000000002, 25.0, 8.0, 1.0,
    3.5999999999999996]
  - [0.35000000000000003, 1.2000000000000002, 0.385, 145.0, 5.0, 1.0, 4.799999999999999]
  - [0.07, 1.2000000000000002, 0.35000000000000003, 79.0, 5.0, 0.0, 2.4]
  - [0.31500000000000006, 1.2000000000000002, 0.42000000000000004, 37.0, 8.0, 0.0,
    2.0]
  - [0.0, 1.1, 0.35000000000000003, 67.0, 8.0, 1.0, 3.1999999999999997]
  - [0.17500000000000002, 1.3000000000000003, 0.31500000000000006, 97.0, 8.0, 0.0,
    4.3999999999999995]
  - [0.0, 1.3000000000000003, 0.17500000000000002, 25.0, 9.5, 0.0, 3.1999999999999997]
  - [0.21000000000000002, 1.2000000000000002, 0.28, 127.0, 11.0, 0.0, 5.6]
  - [0.24500000000000002, 1.5000000000000004, 0.28, 1.0, 8.0, 0.0, 3.1999999999999997]
  - [0.385, 1.5000000000000004, 0.24500000000000002, 31.0, 9.5, 0.0, 6.799999999999999]
  - [0.24500000000000002, 1.5000000000000004, 0.24500000000000002, 19.0, 9.5, 1.0,
    5.999999999999999]
  - [0.385, 1.4000000000000004, 0.17500000000000002, 67.0, 8.0, 1.0, 5.199999999999999]
  - [0.17500000000000002, 1.2000000000000002, 0.17500000000000002, 121.0, 5.0, 0.0,
    3.9999999999999996]
  - [0.035, 1.4000000000000004, 0.17500000000000002, 127.0, 6.5, 1.0, 4.799999999999999]
  - [0.07, 1.1, 0.385, 67.0, 5.0, 1.0, 3.9999999999999996]
  - [0.385, 1.4000000000000004, 0.10500000000000001, 55.0, 8.0, 1.0, 5.999999999999999]
  - [0.17500000000000002, 1.5000000000000004, 0.17500000000000002, 1.0, 11.0, 1.0,
    6.799999999999999]
  - [0.385, 1.5000000000000004, 0.385, 109.0, 9.5, 0.0, 5.199999999999999]
  - [0.17500000000000002, 1.6000000000000005, 0.07, 85.0, 9.5, 1.0, 5.999999999999999]
  - [0.035, 1.6000000000000005, 0.35000000000000003, 91.0, 8.0, 0.0, 6.799999999999999]
  - [0.35000000000000003, 1.6000000000000005, 0.385, 37.0, 8.0, 0.0, 7.199999999999999]
  - [0.0, 1.3000000000000003, 0.21000000000000002, 49.0, 5.0, 1.0, 2.4]
  - [0.28, 1.5000000000000004, 0.24500000000000002, 25.0, 6.5, 0.0, 6.399999999999999]
  - [0.035, 1.6000000000000005, 0.45500000000000007, 103.0, 8.0, 0.0, 2.8]
  - [0.385, 1.6000000000000005, 0.28, 67.0, 6.5, 0.0, 6.799999999999999]
  - [0.28, 1.1, 0.21000000000000002, 37.0, 5.0, 0.0, 7.599999999999999]
  - [0.14, 1.5000000000000004, 0.28, 103.0, 6.5, 0.0, 3.1999999999999997]
  - [0.31500000000000006, 1.1, 0.10500000000000001, 85.0, 9.5, 1.0, 3.5999999999999996]
  - [0.24500000000000002, 1.1, 0.17500000000000002, 79.0, 9.5, 1.0, 5.6]
  - [0.14, 1.4000000000000004, 0.10500000000000001, 49.0, 6.5, 1.0, 4.799999999999999]
  - [0.14, 1.3000000000000003, 0.35000000000000003, 1.0, 9.5, 0.0, 7.599999999999999]
  - [0.35000000000000003, 1.5000000000000004, 0.24500000000000002, 97.0, 9.5, 0.0,
    3.5999999999999996]
  - [0.10500000000000001, 1.2000000000000002, 0.07, 127.0, 6.5, 1.0, 4.3999999999999995]
  - [0.17500000000000002, 1.4000000000000004, 0.17500000000000002, 145.0, 5.0, 0.0,
    6.399999999999999]
  - [0.07, 1.4000000000000004, 0.35000000000000003, 127.0, 9.5, 0.0, 4.3999999999999995]
  - [0.31500000000000006, 1.1, 0.035, 121.0, 11.0, 0.0, 3.9999999999999996]
  - [0.24500000000000002, 1.1, 0.45500000000000007, 61.0, 11.0, 1.0, 7.599999999999999]
  - [0.21000000000000002, 1.2000000000000002, 0.0, 109.0, 9.5, 1.0, 6.799999999999999]
  - [0.31500000000000006, 1.4000000000000004, 0.17500000000000002, 13.0, 9.5, 0.0,
    4.799999999999999]
  - [0.24500000000000002, 1.5000000000000004, 0.45500000000000007, 145.0, 8.0, 1.0,
    6.799999999999999]
  - [0.14, 1.4000000000000004, 0.42000000000000004, 97.0, 11.0, 0.0, 3.5999999999999996]
  - [0.385, 1.6000000000000005, 0.35000000000000003, 133.0, 9.5, 0.0, 3.9999999999999996]
  - [0.385, 1.5000000000000004, 0.31500000000000006, 19.0, 6.5, 1.0, 6.399999999999999]
  - [0.035, 1.3000000000000003, 0.035, 109.0, 8.0, 1.0, 5.6]
  - [0.17500000000000002, 1.1, 0.35000000000000003, 1.0, 5.0, 0.0, 3.9999999999999996]
  - [0.0, 1.6000000000000005, 0.17500000000000002, 31.0, 6.5, 0.0, 4.3999999999999995]
  - [0.0, 1.6000000000000005, 0.385, 13.0, 5.0, 1.0, 6.399999999999999]
  - [0.28, 1.3000000000000003, 0.24500000000000002, 37.0, 11.0, 1.0, 2.0]
  - [0.14, 1.1, 0.17500000000000002, 85.0, 11.0, 0.0, 5.999999999999999]
  - [0.24500000000000002, 1.6000000000000005, 0.0, 79.0, 8.0, 0.0, 2.4]
  - [0.24500000000000002, 1.5000000000000004, 0.49000000000000005, 139.0, 6.5, 1.0,
    7.199999999999999]
  - [0.31500000000000006, 1.1, 0.10500000000000001, 43.0, 11.0, 0.0, 2.8]
  - [0.10500000000000001, 1.6000000000000005, 0.42000000000000004, 43.0, 6.5, 1.0,
    2.4]
  - [0.35000000000000003, 1.3000000000000003, 0.035, 109.0, 6.5, 0.0, 7.199999999999999]
  - [0.035, 1.6000000000000005, 0.42000000000000004, 31.0, 6.5, 0.0, 3.9999999999999996]
  - [0.35000000000000003, 1.4000000000000004, 0.035, 55.0, 6.5, 0.0, 3.1999999999999997]
  - [0.14, 1.4000000000000004, 0.385, 7.0, 9.5, 0.0, 2.8]
  - [0.35000000000000003, 1.1, 0.035, 85.0, 9.5, 1.0, 4.799999999999999]
  - [0.28, 1.4000000000000004, 0.28, 25.0, 5.0, 1.0, 7.199999999999999]
  - [0.31500000000000006, 1.2000000000000002, 0.42000000000000004, 31.0, 8.0, 0.0,
    4.799999999999999]
  - [0.31500000000000006, 1.3000000000000003, 0.28, 37.0, 6.5, 1.0, 2.8]
  - [0.31500000000000006, 1.2000000000000002, 0.07, 139.0, 11.0, 0.0, 2.4]
  - [0.24500000000000002, 1.4000000000000004, 0.24500000000000002, 121.0, 11.0, 1.0,
    7.199999999999999]
  - [0.31500000000000006, 1.4000000000000004, 0.10500000000000001, 37.0, 9.5, 0.0,
    2.0]
  - [0.10500000000000001, 1.5000000000000004, 0.10500000000000001, 43.0, 9.5, 1.0,
    2.0]
  - [0.10500000000000001, 1.6000000000000005, 0.35000000000000003, 91.0, 5.0, 0.0,
    6.799999999999999]
  - [0.07, 1.4000000000000004, 0.21000000000000002, 109.0, 5.0, 0.0, 3.5999999999999996]
  - [0.035, 1.3000000000000003, 0.035, 25.0, 5.0, 0.0, 6.799999999999999]
  - [0.0, 1.3000000000000003, 0.07, 79.0, 11.0, 1.0, 2.4]
  - [0.07, 1.1, 0.10500000000000001, 43.0, 6.5, 1.0, 6.399999999999999]
  - [0.10500000000000001, 1.3000000000000003, 0.24500000000000002, 145.0, 8.0, 0.0,
    5.199999999999999]
  - [0.24500000000000002, 1.6000000000000005, 0.24500000000000002, 7.0, 6.5, 0.0,
    7.599999999999999]
  - [0.07, 1.6000000000000005, 0.385, 7.0, 9.5, 1.0, 5.199999999999999]
  - [0.0, 1.4000000000000004, 0.28, 85.0, 9.5, 1.0, 3.9999999999999996]
  - [0.28, 1.4000000000000004, 0.21000000000000002, 109.0, 8.0, 0.0, 6.399999999999999]
  - [0.07, 1.2000000000000002, 0.42000000000000004, 79.0, 5.0, 0.0, 4.3999999999999995]
  - [0.28, 1.3000000000000003, 0.21000000000000002, 85.0, 9.5, 0.0, 2.8]
  - [0.10500000000000001, 1.6000000000000005, 0.21000000000000002, 73.0, 11.0, 1.0,
    7.199999999999999]
  - [0.24500000000000002, 1.3000000000000003, 0.24500000000000002, 133.0, 5.0, 1.0,
    5.999999999999999]
  - [0.14, 1.4000000000000004, 0.35000000000000003, 121.0, 9.5, 0.0, 6.399999999999999]
  - [0.35000000000000003, 1.6000000000000005, 0.07, 61.0, 5.0, 0.0, 5.999999999999999]
  - [0.17500000000000002, 1.3000000000000003, 0.21000000000000002, 31.0, 9.5, 0.0,
    7.599999999999999]
  - [0.31500000000000006, 1.3000000000000003, 0.45500000000000007, 49.0, 8.0, 1.0,
    5.999999999999999]
  - [0.24500000000000002, 1.5000000000000004, 0.24500000000000002, 145.0, 6.5, 1.0,
    3.9999999999999996]
  - [0.385, 1.5000000000000004, 0.31500000000000006, 43.0, 5.0, 1.0, 4.3999999999999995]
  - [0.21000000000000002, 1.6000000000000005, 0.0, 133.0, 6.5, 0.0, 6.399999999999999]
  - [0.0, 1.2000000000000002, 0.21000000000000002, 13.0, 5.0, 0.0, 4.799999999999999]
  - [0.35000000000000003, 1.1, 0.24500000000000002, 37.0, 9.5, 0.0, 2.4]
  - [0.35000000000000003, 1.3000000000000003, 0.035, 19.0, 8.0, 1.0, 5.999999999999999]
  - [0.21000000000000002, 1.5000000000000004, 0.28, 103.0, 11.0, 1.0, 3.9999999999999996]
  - [0.07, 1.6000000000000005, 0.17500000000000002, 139.0, 6.5, 0.0, 3.9999999999999996]
  - [0.31500000000000006, 1.1, 0.28, 43.0, 9.5, 0.0, 4.3999999999999995]
  - [0.035, 1.3000000000000003, 0.14, 127.0, 5.0, 0.0, 2.8]
  - [0.31500000000000006, 1.2000000000000002, 0.0, 91.0, 9.5, 1.0, 6.399999999999999]
  - [0.035, 1.1, 0.14, 13.0, 8.0, 0.0, 5.199999999999999]
  - [0.35000000000000003, 1.6000000000000005, 0.17500000000000002, 19.0, 6.5, 0.0,
    3.5999999999999996]
  - [0.385, 1.6000000000000005, 0.28, 55.0, 8.0, 1.0, 5.6]
  - [0.07, 1.4000000000000004, 0.35000000000000003, 145.0, 5.0, 1.0, 3.5999999999999996]
  - [0.0, 1.2000000000000002, 0.10500000000000001, 127.0, 6.5, 0.0, 3.9999999999999996]
  - [0.07, 1.6000000000000005, 0.10500000000000001, 7.0, 11.0, 1.0, 5.6]
  - [0.385, 1.5000000000000004, 0.385, 61.0, 8.0, 0.0, 6.799999999999999]
  - [0.0, 1.4000000000000004, 0.42000000000000004, 61.0, 6.5, 1.0, 5.6]
  - [0.07, 1.1, 0.10500000000000001, 55.0, 6.5, 1.0, 5.199999999999999]
  - [0.10500000000000001, 1.4000000000000004, 0.07, 61.0, 9.5, 1.0, 4.799999999999999]
  - [0.07, 1.1, 0.42000000000000004, 49.0, 6.5, 1.0, 7.599999999999999]
  - [0.17500000000000002, 1.3000000000000003, 0.10500000000000001, 121.0, 8.0, 0.0,
    4.799999999999999]
  - [0.35000000000000003, 1.4000000000000004, 0.35000000000000003, 109.0, 8.0, 1.0,
    5.199999999999999]
  - [0.24500000000000002, 1.1, 0.31500000000000006, 49.0, 6.5, 0.0, 5.999999999999999]
  - [0.0, 1.3000000000000003, 0.42000000000000004, 79.0, 8.0, 0.0, 6.399999999999999]
  - [0.385, 1.5000000000000004, 0.35000000000000003, 115.0, 6.5, 1.0, 4.799999999999999]
  - [0.24500000000000002, 1.3000000000000003, 0.28, 31.0, 11.0, 0.0, 7.199999999999999]
  - [0.035, 1.1, 0.45500000000000007, 49.0, 5.0, 0.0, 3.1999999999999997]
  - [0.17500000000000002, 1.6000000000000005, 0.49000000000000005, 13.0, 6.5, 0.0,
    5.6]
  - [0.28, 1.6000000000000005, 0.0, 7.0, 11.0, 0.0, 3.9999999999999996]
  - [0.035, 1.2000000000000002, 0.24500000000000002, 19.0, 11.0, 1.0, 2.0]
  - [0.0, 1.1, 0.31500000000000006, 37.0, 8.0, 1.0, 2.0]
  - [0.0, 1.6000000000000005, 0.42000000000000004, 79.0, 6.5, 0.0, 4.799999999999999]
  - [0.24500000000000002, 1.6000000000000005, 0.21000000000000002, 91.0, 5.0, 1.0,
    5.199999999999999]
  - [0.385, 1.2000000000000002, 0.0, 13.0, 8.0, 0.0, 3.5999999999999996]
  - [0.385, 1.5000000000000004, 0.10500000000000001, 13.0, 5.0, 1.0, 5.6]
  - [0.28, 1.1, 0.14, 121.0, 11.0, 1.0, 3.5999999999999996]
  - [0.24500000000000002, 1.3000000000000003, 0.10500000000000001, 103.0, 6.5, 1.0,
    2.4]
  - [0.28, 1.3000000000000003, 0.24500000000000002, 103.0, 5.0, 0.0, 3.1999999999999997]
  - [0.17500000000000002, 1.5000000000000004, 0.35000000000000003, 19.0, 8.0, 1.0,
    4.3999999999999995]
  - [0.31500000000000006, 1.2000000000000002, 0.42000000000000004, 109.0, 5.0, 0.0,
    7.199999999999999]
  - [0.35000000000000003, 1.4000000000000004, 0.07, 43.0, 8.0, 0.0, 2.8]
  - [0.21000000000000002, 1.4000000000000004, 0.0, 91.0, 8.0, 0.0, 4.799999999999999]
  - [0.07, 1.2000000000000002, 0.31500000000000006, 55.0, 6.5, 0.0, 2.4]
  - [0.14, 1.2000000000000002, 0.24500000000000002, 37.0, 9.5, 1.0, 3.5999999999999996]
  - [0.17500000000000002, 1.4000000000000004, 0.14, 7.0, 6.5, 1.0, 6.799999999999999]
  - [0.385, 1.3000000000000003, 0.28, 115.0, 11.0, 1.0, 3.1999999999999997]
  - [0.35000000000000003, 1.3000000000000003, 0.42000000000000004, 145.0, 5.0, 1.0,
    2.8]
  - [0.35000000000000003, 1.2000000000000002, 0.28, 109.0, 8.0, 1.0, 5.999999999999999]
  - [0.035, 1.6000000000000005, 0.42000000000000004, 115.0, 5.0, 0.0, 5.199999999999999]
  - [0.0, 1.2000000000000002, 0.35000000000000003, 49.0, 6.5, 0.0, 5.999999999999999]
  - [0.14, 1.1, 0.21000000000000002, 127.0, 8.0, 1.0, 3.1999999999999997]
  - [0.35000000000000003, 1.3000000000000003, 0.0, 133.0, 5.0, 1.0, 6.799999999999999]
  - [0.0, 1.1, 0.24500000000000002, 67.0, 9.5, 0.0, 3.9999999999999996]
  - [0.14, 1.2000000000000002, 0.24500000000000002, 115.0, 9.5, 1.0, 2.8]
  - [0.24500000000000002, 1.3000000000000003, 0.24500000000000002, 19.0, 9.5, 1.0,
    5.199999999999999]
  - [0.31500000000000006, 1.3000000000000003, 0.07, 49.0, 8.0, 1.0, 4.3999999999999995]
  - [0.035, 1.4000000000000004, 0.14, 49.0, 5.0, 0.0, 2.0]
  - [0.24500000000000002, 1.3000000000000003, 0.21000000000000002, 85.0, 5.0, 0.0,
    3.1999999999999997]
  - [0.10500000000000001, 1.6000000000000005, 0.49000000000000005, 103.0, 6.5, 1.0,
    3.1999999999999997]
  - [0.07, 1.5000000000000004, 0.17500000000000002, 133.0, 6.5, 0.0, 2.8]
  - [0.07, 1.3000000000000003, 0.28, 31.0, 11.0, 0.0, 7.199999999999999]
  - [0.385, 1.4000000000000004, 0.35000000000000003, 49.0, 11.0, 1.0, 3.1999999999999997]
  - [0.28, 1.1, 0.24500000000000002, 133.0, 5.0, 0.0, 2.0]
  - [0.17500000000000002, 1.5000000000000004, 0.28, 73.0, 8.0, 0.0, 4.799999999999999]
  - [0.035, 1.4000000000000004, 0.17500000000000002, 25.0, 5.0, 0.0, 2.0]
  - [0.035, 1.2000000000000002, 0.24500000000000002, 103.0, 11.0, 0.0, 7.199999999999999]
  - [0.0, 1.2000000000000002, 0.49000000000000005, 67.0, 11.0, 1.0, 3.1999999999999997]
  - [0.07, 1.1, 0.10500000000000001, 55.0, 5.0, 0.0, 2.4]
  - [0.385, 1.2000000000000002, 0.42000000000000004, 55.0, 5.0, 0.0, 3.5999999999999996]
  - [0.07, 1.3000000000000003, 0.0, 133.0, 11.0, 1.0, 3.1999999999999997]
  - [0.0, 1.1, 0.17500000000000002, 37.0, 5.0, 0.0, 5.199999999999999]
  - [0.24500000000000002, 1.6000000000000005, 0.24500000000000002, 109.0, 9.5, 0.0,
    6.799999999999999]
  - [0.21000000000000002, 1.5000000000000004, 0.14, 1.0, 9.5, 0.0, 7.199999999999999]
  - [0.14, 1.4000000000000004, 0.31500000000000006, 133.0, 9.5, 0.0, 3.1999999999999997]
  - [0.17500000000000002, 1.3000000000000003, 0.07, 73.0, 11.0, 1.0, 2.8]
  - [0.28, 1.1, 0.31500000000000006, 91.0, 6.5, 1.0, 4.3999999999999995]
  - [0.14, 1.6000000000000005, 0.035, 13.0, 6.5, 1.0, 5.6]
  - [0.035, 1.4000000000000004, 0.28, 103.0, 9.5, 0.0, 5.999999999999999]
  - [0.31500000000000006, 1.1, 0.14, 115.0, 6.5, 0.0, 3.5999999999999996]
  - [0.0, 1.5000000000000004, 0.07, 139.0, 5.0, 1.0, 4.3999999999999995]
  - [0.07, 1.1, 0.42000000000000004, 19.0, 6.5, 0.0, 7.199999999999999]
  - [0.35000000000000003, 1.3000000000000003, 0.17500000000000002, 103.0, 8.0, 0.0,
    7.199999999999999]
  - [0.385, 1.5000000000000004, 0.35000000000000003, 139.0, 9.5, 1.0, 7.199999999999999]
  - [0.21000000000000002, 1.4000000000000004, 0.14, 133.0, 5.0, 1.0, 7.199999999999999]
  - [0.31500000000000006, 1.2000000000000002, 0.385, 37.0, 11.0, 1.0, 3.9999999999999996]
  - [0.28, 1.2000000000000002, 0.35000000000000003, 67.0, 11.0, 1.0, 7.199999999999999]
  - [0.0, 1.2000000000000002, 0.24500000000000002, 103.0, 9.5, 1.0, 2.0]
  - [0.35000000000000003, 1.3000000000000003, 0.0, 73.0, 8.0, 1.0, 7.599999999999999]
  - [0.07, 1.1, 0.49000000000000005, 43.0, 11.0, 0.0, 5.999999999999999]
  - [0.385, 1.1, 0.49000000000000005, 97.0, 5.0, 0.0, 7.199999999999999]
  - [0.17500000000000002, 1.6000000000000005, 0.035, 91.0, 9.5, 1.0, 4.799999999999999]
  - [0.385, 1.6000000000000005, 0.385, 49.0, 9.5, 1.0, 4.799999999999999]
  - [0.14, 1.5000000000000004, 0.42000000000000004, 103.0, 6.5, 1.0, 7.599999999999999]
  - [0.28, 1.5000000000000004, 0.49000000000000005, 43.0, 6.5, 0.0, 6.399999999999999]
  - [0.24500000000000002, 1.1, 0.07, 1.0, 6.5, 0.0, 5.999999999999999]
  - [0.14, 1.5000000000000004, 0.42000000000000004, 61.0, 11.0, 0.0, 7.199999999999999]
  - [0.14, 1.6000000000000005, 0.10500000000000001, 73.0, 5.0, 1.0, 7.599999999999999]
  - [0.385, 1.2000000000000002, 0.035, 7.0, 6.5, 1.0, 5.6]
  - [0.14, 1.5000000000000004, 0.49000000000000005, 19.0, 6.5, 1.0, 5.199999999999999]
  - [0.28, 1.1, 0.385, 37.0, 8.0, 0.0, 4.3999999999999995]
  - [0.31500000000000006, 1.2000000000000002, 0.45500000000000007, 13.0, 6.5, 0.0,
    5.199999999999999]
  - [0.0, 1.5000000000000004, 0.24500000000000002, 139.0, 5.0, 1.0, 3.5999999999999996]
  - [0.07, 1.2000000000000002, 0.42000000000000004, 19.0, 9.5, 0.0, 3.9999999999999996]
  - [0.385, 1.5000000000000004, 0.17500000000000002, 121.0, 6.5, 0.0, 3.5999999999999996]
  - [0.385, 1.4000000000000004, 0.385, 85.0, 11.0, 1.0, 2.4]
  - [0.31500000000000006, 1.6000000000000005, 0.10500000000000001, 31.0, 6.5, 1.0,
    3.5999999999999996]
  - [0.385, 1.5000000000000004, 0.07, 43.0, 8.0, 0.0, 3.1999999999999997]
  - [0.14, 1.3000000000000003, 0.28, 13.0, 11.0, 0.0, 4.799999999999999]
  - [0.0, 1.6000000000000005, 0.24500000000000002, 49.0, 11.0, 0.0, 6.399999999999999]
  - [0.0, 1.5000000000000004, 0.21000000000000002, 13.0, 11.0, 1.0, 6.399999999999999]
  - [0.28, 1.6000000000000005, 0.14, 85.0, 9.5, 0.0, 3.5999999999999996]
  - [0.28, 1.4000000000000004, 0.07, 85.0, 8.0, 0.0, 4.799999999999999]
  - [0.35000000000000003, 1.1, 0.49000000000000005, 103.0, 6.5, 0.0, 3.5999999999999996]
  - [0.14, 1.1, 0.17500000000000002, 13.0, 8.0, 1.0, 6.399999999999999]
  - [0.07, 1.1, 0.14, 25.0, 6.5, 0.0, 7.599999999999999]
  - [0.28, 1.4000000000000004, 0.035, 133.0, 5.0, 0.0, 2.8]
  - [0.0, 1.6000000000000005, 0.21000000000000002, 1.0, 6.5, 1.0, 5.199999999999999]
  - [0.14, 1.5000000000000004, 0.24500000000000002, 25.0, 8.0, 0.0, 3.1999999999999997]
  - [0.31500000000000006, 1.4000000000000004, 0.35000000000000003, 103.0, 8.0, 1.0,
    5.6]
  - [0.28, 1.4000000000000004, 0.28, 91.0, 6.5, 1.0, 2.8]
  - [0.07, 1.5000000000000004, 0.17500000000000002, 43.0, 6.5, 1.0, 5.6]
  - [0.35000000000000003, 1.3000000000000003, 0.035, 37.0, 8.0, 0.0, 6.399999999999999]
  - [0.24500000000000002, 1.5000000000000004, 0.49000000000000005, 103.0, 5.0, 1.0,
    3.5999999999999996]
  - [0.24500000000000002, 1.4000000000000004, 0.35000000000000003, 7.0, 9.5, 1.0,
    4.3999999999999995]
  - [0.35000000000000003, 1.5000000000000004, 0.35000000000000003, 91.0, 8.0, 1.0,
    7.199999999999999]
  - [0.07, 1.5000000000000004, 0.49000000000000005, 109.0, 9.5, 1.0, 3.9999999999999996]
  - [0.14, 1.3000000000000003, 0.35000000000000003, 145.0, 5.0, 0.0, 7.599999999999999]
  - [0.0, 1.2000000000000002, 0.31500000000000006, 145.0, 8.0, 1.0, 5.199999999999999]
  - [0.21000000000000002, 1.5000000000000004, 0.14, 43.0, 5.0, 0.0, 5.199999999999999]
  - [0.21000000000000002, 1.5000000000000004, 0.21000000000000002, 49.0, 9.5, 0.0,
    2.8]
  - [0.07, 1.1, 0.31500000000000006, 115.0, 5.0, 0.0, 3.5999999999999996]
  - [0.31500000000000006, 1.6000000000000005, 0.0, 91.0, 9.5, 1.0, 4.799999999999999]
  - [0.385, 1.2000000000000002, 0.24500000000000002, 67.0, 11.0, 0.0, 5.999999999999999]
  - [0.14, 1.4000000000000004, 0.42000000000000004, 97.0, 6.5, 1.0, 3.1999999999999997]
  - [0.10500000000000001, 1.5000000000000004, 0.0, 1.0, 9.5, 0.0, 2.8]
  - [0.35000000000000003, 1.6000000000000005, 0.07, 7.0, 11.0, 0.0, 6.399999999999999]
  - [0.21000000000000002, 1.6000000000000005, 0.31500000000000006, 49.0, 8.0, 0.0,
    2.4]
  - [0.17500000000000002, 1.2000000000000002, 0.35000000000000003, 109.0, 11.0, 0.0,
    2.4]
  - [0.28, 1.4000000000000004, 0.31500000000000006, 103.0, 6.5, 0.0, 4.799999999999999]
  - [0.035, 1.3000000000000003, 0.385, 13.0, 9.5, 0.0, 5.999999999999999]
  - [0.0, 1.4000000000000004, 0.10500000000000001, 13.0, 8.0, 0.0, 4.799999999999999]
  - [0.28, 1.5000000000000004, 0.31500000000000006, 49.0, 11.0, 0.0, 2.8]
  - [0.28, 1.3000000000000003, 0.21000000000000002, 85.0, 9.5, 1.0, 7.199999999999999]
  - [0.28, 1.2000000000000002, 0.49000000000000005, 55.0, 8.0, 1.0, 2.8]
  - [0.10500000000000001, 1.1, 0.10500000000000001, 55.0, 8.0, 0.0, 7.199999999999999]
  - [0.0, 1.2000000000000002, 0.17500000000000002, 61.0, 6.5, 1.0, 7.199999999999999]
  - [0.28, 1.3000000000000003, 0.0, 115.0, 11.0, 1.0, 2.4]
  - [0.24500000000000002, 1.4000000000000004, 0.24500000000000002, 139.0, 8.0, 0.0,
    6.799999999999999]
  - [0.0, 1.3000000000000003, 0.24500000000000002, 109.0, 5.0, 0.0, 5.6]
  - [0.21000000000000002, 1.3000000000000003, 0.14, 145.0, 11.0, 0.0, 2.8]
  - [0.14, 1.1, 0.10500000000000001, 85.0, 8.0, 1.0, 5.199999999999999]
  - [0.24500000000000002, 1.4000000000000004, 0.0, 127.0, 11.0, 1.0, 7.199999999999999]
  - [0.14, 1.1, 0.21000000000000002, 97.0, 9.5, 1.0, 5.199999999999999]
  - [0.21000000000000002, 1.1, 0.31500000000000006, 133.0, 5.0, 0.0, 6.799999999999999]
  - [0.035, 1.3000000000000003, 0.07, 97.0, 11.0, 0.0, 6.399999999999999]
  - [0.24500000000000002, 1.2000000000000002, 0.07, 139.0, 11.0, 0.0, 6.799999999999999]
  - [0.0, 1.3000000000000003, 0.35000000000000003, 13.0, 5.0, 0.0, 3.1999999999999997]
  - [0.35000000000000003, 1.3000000000000003, 0.17500000000000002, 133.0, 9.5, 0.0,
    3.5999999999999996]
  - [0.07, 1.2000000000000002, 0.45500000000000007, 103.0, 11.0, 0.0, 2.8]
  - [0.31500000000000006, 1.6000000000000005, 0.17500000000000002, 97.0, 6.5, 0.0,
    5.199999999999999]
  - [0.14, 1.3000000000000003, 0.24500000000000002, 85.0, 9.5, 1.0, 6.399999999999999]
  - [0.17500000000000002, 1.3000000000000003, 0.035, 73.0, 8.0, 0.0, 4.799999999999999]
  - [0.21000000000000002, 1.6000000000000005, 0.07, 43.0, 11.0, 1.0, 5.6]
  - [0.07, 1.3000000000000003, 0.035, 1.0, 5.0, 0.0, 2.8]
  - [0.17500000000000002, 1.4000000000000004, 0.42000000000000004, 103.0, 9.5, 0.0,
    7.599999999999999]
  - [0.31500000000000006, 1.6000000000000005, 0.10500000000000001, 103.0, 9.5, 0.0,
    7.199999999999999]
  - [0.14, 1.2000000000000002, 0.14, 109.0, 6.5, 0.0, 4.799999999999999]
  - [0.21000000000000002, 1.1, 0.10500000000000001, 19.0, 6.5, 0.0, 5.999999999999999]
  - [0.14, 1.5000000000000004, 0.14, 7.0, 6.5, 0.0, 2.4]
  - [0.10500000000000001, 1.2000000000000002, 0.49000000000000005, 67.0, 6.5, 1.0,
    3.5999999999999996]
  - [0.07, 1.3000000000000003, 0.14, 61.0, 5.0, 0.0, 7.199999999999999]
  - [0.0, 1.5000000000000004, 0.24500000000000002, 103.0, 8.0, 1.0, 3.9999999999999996]
  - [0.35000000000000003, 1.3000000000000003, 0.17500000000000002, 73.0, 6.5, 1.0,
    3.9999999999999996]
  - [0.17500000000000002, 1.2000000000000002, 0.21000000000000002, 55.0, 6.5, 0.0,
    7.199999999999999]
  - [0.385, 1.2000000000000002, 0.17500000000000002, 127.0, 6.5, 0.0, 7.199999999999999]
  - [0.21000000000000002, 1.3000000000000003, 0.385, 31.0, 8.0, 1.0, 5.6]
  - [0.035, 1.5000000000000004, 0.385, 31.0, 9.5, 0.0, 7.199999999999999]
  - [0.17500000000000002, 1.1, 0.14, 145.0, 6.5, 1.0, 7.199999999999999]
  - [0.14, 1.2000000000000002, 0.035, 31.0, 9.5, 1.0, 3.9999999999999996]
  - [0.07, 1.2000000000000002, 0.385, 145.0, 8.0, 1.0, 2.8]
  - [0.0, 1.1, 0.35000000000000003, 115.0, 6.5, 1.0, 3.9999999999999996]
  - [0.24500000000000002, 1.5000000000000004, 0.035, 133.0, 6.5, 1.0, 5.999999999999999]
  - [0.07, 1.3000000000000003, 0.31500000000000006, 37.0, 5.0, 0.0, 3.5999999999999996]
  - [0.035, 1.1, 0.45500000000000007, 67.0, 5.0, 1.0, 5.199999999999999]
  - [0.10500000000000001, 1.6000000000000005, 0.31500000000000006, 145.0, 5.0, 1.0,
    4.3999999999999995]
  - [0.35000000000000003, 1.6000000000000005, 0.24500000000000002, 85.0, 6.5, 0.0,
    3.5999999999999996]
  - [0.35000000000000003, 1.2000000000000002, 0.31500000000000006, 61.0, 9.5, 1.0,
    7.599999999999999]
  - [0.14, 1.3000000000000003, 0.35000000000000003, 121.0, 5.0, 1.0, 7.599999999999999]
  - [0.21000000000000002, 1.5000000000000004, 0.24500000000000002, 7.0, 9.5, 0.0,
    5.6]
  - [0.17500000000000002, 1.5000000000000004, 0.49000000000000005, 103.0, 9.5, 0.0,
    2.0]
  - [0.28, 1.3000000000000003, 0.07, 25.0, 5.0, 0.0, 7.199999999999999]
  - [0.035, 1.5000000000000004, 0.45500000000000007, 1.0, 6.5, 1.0, 2.8]
  - [0.035, 1.3000000000000003, 0.28, 139.0, 5.0, 0.0, 5.6]
  - [0.10500000000000001, 1.2000000000000002, 0.24500000000000002, 91.0, 6.5, 1.0,
    7.599999999999999]
  - [0.07, 1.6000000000000005, 0.07, 25.0, 11.0, 0.0, 5.199999999999999]
  - [0.31500000000000006, 1.1, 0.035, 115.0, 6.5, 1.0, 2.0]
  - [0.385, 1.5000000000000004, 0.24500000000000002, 1.0, 11.0, 1.0, 3.9999999999999996]
  - [0.0, 1.4000000000000004, 0.28, 55.0, 5.0, 1.0, 3.9999999999999996]
  - [0.35000000000000003, 1.2000000000000002, 0.07, 19.0, 8.0, 0.0, 6.399999999999999]
  - [0.07, 1.4000000000000004, 0.17500000000000002, 31.0, 6.5, 1.0, 3.5999999999999996]
  - [0.28, 1.6000000000000005, 0.07, 79.0, 9.5, 0.0, 4.799999999999999]
  - [0.31500000000000006, 1.3000000000000003, 0.35000000000000003, 31.0, 9.5, 1.0,
    7.199999999999999]
  - [0.24500000000000002, 1.6000000000000005, 0.45500000000000007, 31.0, 5.0, 0.0,
    5.199999999999999]
  - [0.17500000000000002, 1.3000000000000003, 0.28, 91.0, 8.0, 1.0, 4.3999999999999995]
  - [0.07, 1.3000000000000003, 0.0, 127.0, 11.0, 0.0, 6.799999999999999]
  - [0.035, 1.2000000000000002, 0.45500000000000007, 31.0, 6.5, 0.0, 2.8]
  - [0.24500000000000002, 1.4000000000000004, 0.10500000000000001, 91.0, 11.0, 1.0,
    3.1999999999999997]
  - [0.17500000000000002, 1.2000000000000002, 0.24500000000000002, 43.0, 8.0, 1.0,
    3.1999999999999997]
  - [0.0, 1.1, 0.14, 67.0, 8.0, 1.0, 4.799999999999999]
  - [0.035, 1.1, 0.17500000000000002, 103.0, 9.5, 0.0, 2.4]
  - [0.14, 1.5000000000000004, 0.035, 7.0, 5.0, 0.0, 6.399999999999999]
  - [0.35000000000000003, 1.1, 0.07, 73.0, 8.0, 1.0, 3.1999999999999997]
  - [0.21000000000000002, 1.5000000000000004, 0.385, 73.0, 8.0, 1.0, 3.1999999999999997]
  - [0.21000000000000002, 1.4000000000000004, 0.385, 1.0, 5.0, 0.0, 6.799999999999999]
  - [0.07, 1.1, 0.17500000000000002, 97.0, 6.5, 1.0, 2.4]
  - [0.28, 1.2000000000000002, 0.035, 61.0, 8.0, 1.0, 7.199999999999999]
  - [0.14, 1.3000000000000003, 0.14, 43.0, 6.5, 0.0, 6.799999999999999]
  - [0.21000000000000002, 1.2000000000000002, 0.17500000000000002, 91.0, 5.0, 0.0,
    4.3999999999999995]
  - [0.17500000000000002, 1.5000000000000004, 0.35000000000000003, 31.0, 11.0, 1.0,
    5.199999999999999]
  - [0.31500000000000006, 1.5000000000000004, 0.35000000000000003, 79.0, 11.0, 1.0,
    5.6]
  - [0.35000000000000003, 1.2000000000000002, 0.385, 133.0, 5.0, 0.0, 6.799999999999999]
  - [0.24500000000000002, 1.6000000000000005, 0.28, 121.0, 6.5, 0.0, 4.799999999999999]
  - [0.21000000000000002, 1.3000000000000003, 0.35000000000000003, 115.0, 5.0, 0.0,
    5.999999999999999]
  - [0.10500000000000001, 1.2000000000000002, 0.10500000000000001, 25.0, 11.0, 0.0,
    6.399999999999999]
  - [0.17500000000000002, 1.2000000000000002, 0.10500000000000001, 13.0, 9.5, 0.0,
    2.8]
  - [0.385, 1.2000000000000002, 0.385, 79.0, 11.0, 1.0, 3.9999999999999996]
  - [0.24500000000000002, 1.1, 0.49000000000000005, 7.0, 9.5, 1.0, 6.399999999999999]
  - [0.385, 1.6000000000000005, 0.49000000000000005, 91.0, 5.0, 1.0, 3.9999999999999996]
  - [0.035, 1.3000000000000003, 0.21000000000000002, 19.0, 8.0, 0.0, 7.599999999999999]
  - [0.21000000000000002, 1.1, 0.28, 91.0, 9.5, 1.0, 5.199999999999999]
  - [0.31500000000000006, 1.6000000000000005, 0.42000000000000004, 133.0, 11.0, 0.0,
    3.9999999999999996]
  - [0.28, 1.5000000000000004, 0.35000000000000003, 31.0, 8.0, 0.0, 2.8]
  - [0.035, 1.4000000000000004, 0.035, 13.0, 8.0, 0.0, 6.399999999999999]
  - [0.10500000000000001, 1.4000000000000004, 0.0, 121.0, 11.0, 1.0, 3.1999999999999997]
  - [0.31500000000000006, 1.4000000000000004, 0.35000000000000003, 121.0, 8.0, 1.0,
    3.5999999999999996]
  - [0.10500000000000001, 1.4000000000000004, 0.24500000000000002, 91.0, 5.0, 1.0,
    7.599999999999999]
  - [0.385, 1.1, 0.45500000000000007, 103.0, 8.0, 1.0, 4.799999999999999]
  scores: [98.84044314720678, 20.257387151416406, 30.0, 30.08820285130247, 30.018511396019004,
    30.0, 30.02220292979471, 20.880011984632915, 21.11427870168425, 23.072359103773692,
    23.732075836243872, 30.02220292979471, 22.095010439985007, 20.896801538693047,
    30.0, 20.69097749880577, 20.2639021271135, 30.00870216594115, 23.340035551648594,
    30.018535135994213, 23.08041294464675, 30.0, 20.597395499409973, 20.767825314606043,
    20.532455966095316, 30.0, 22.712064455256268, 22.091923235318113, 20.424558486656917,
    18.839662872607832, 20.0, 20.39748913041652, 20.0, 20.0, 18.912872785736923, 21.955180457292737,
    19.177922737227238, 18.951285754333387, 20.454745834169508, 19.016797386894027,
    18.8109988253077, 21.53341736582698, 19.68520185574519, 19.180940892903827, 19.180549233611828,
    18.974777409326524, 19.255662167208552, 20.0, 19.45985533712508, 22.260432218564468,
    19.33602575127994, 20.0, 21.525363524953928, 20.02220292979471, 18.40391277105223,
    18.431373271254177, 18.951285754333387, 26.283103854434405, 19.88149380076262,
    18.414969975016447, 19.079308045326783, 23.64200601880477, 21.16821985243246,
    18.42348332655125, 15.675110459255123, 15.692631074873514, 16.051249835840842,
    20.0, 16.535091123091078, 18.355463518490527, 20.0, 17.65657030208596, 20.0, 18.429212695298105,
    16.08595070554365, 16.96705548613452, 20.0, 19.180940892903827, 15.825951587652323,
    20.026240936016457, 17.729164521290137, 15.97138752481752, 16.439840720395345,
    17.49420731754503, 15.801478595821026, 18.912872785736923, 15.775726775732348,
    20.6293400376314, 20.27914911151721, 15.679809175560488, 16.575055746851977, 22.892556446097146,
    15.675468256400476, 16.791626365261607, 19.718657060983098, 18.814668010936735,
    20.03083474553974, 20.63739387850446, 20.63739387850446, 16.647552547607397, 24.793947057667758,
    15.775726775732348, 20.0, 20.0, 15.92579939392732, 24.030396042695884, 20.03083474553974,
    16.588868525775645, 19.183636438278718, 15.988656521706968, 17.738425349369084,
    20.0, 17.5095219769846, 16.797660895020638, 20.02220292979471, 20.095353034227728,
    17.368964411584052, 20.014382723290048, 16.28346252549066, 16.50486601955302,
    22.62892198239345, 20.03083474553974, 16.575055746851977, 16.20083192933307, 20.0,
    15.688844428057278, 23.63891881413788, 15.801021783304689, 20.0, 17.206279669322825,
    16.247615264639727, 20.0, 16.718454019713466, 16.077152043888216, 15.910344708219423,
    19.12862833465363, 20.0, 17.377018252457106, 16.571234512588823, 16.79307351262149,
    20.02220292979471, 16.563692122675253, 16.176493327123573, 20.0, 15.87756502130458,
    20.0, 17.414265095832956, 23.466637094526, 17.377018252457106, 20.0, 20.340552674521426,
    12.88762284099252, 13.494124674183453, 12.920459021409215, 14.547606979325781,
    20.02220292979471, 20.0, 13.506726250481751, 20.0, 13.506726250481751, 13.48761824034814,
    20.026240936016457, 20.446272259492417, 13.252242855412545, 21.777942067629603,
    14.547606979325781, 21.27570110852247, 12.95769838516523, 13.641471676378618,
    14.326033667786763, 13.580478300973702, 20.100679318226412, 22.103064280858064,
    12.996996820519787, 13.27014090659519, 12.970121173953467, 13.175233185457742,
    13.498084874499256, 13.29239643482945, 13.075703971846453, 18.882238998567782,
    13.318427913272451, 20.0, 17.377018252457106, 21.87477507966348, 13.59612212769028,
    13.117311411698767, 22.71284422459385, 13.505083375202803, 13.539650162950664,
    13.431101485714109, 13.125715251423381, 14.428908875457179, 12.996967721663504,
    13.885840553232232, 20.0, 12.939777466485124, 20.0, 14.170192813850372, 13.733834678381513,
    13.580478300973702, 13.478598740605502, 20.0, 14.330023176379663, 13.830682859463607,
    14.72092275555664, 14.224062079854775, 20.0, 13.071729501173493, 12.994691295605254,
    20.03083474553974, 20.0, 22.634840667969005, 13.83152678055972, 20.0, 13.653357334665595,
    14.089307789972025, 21.295730888675145, 17.624992144178606, 12.984695173391062,
    13.580478300973702, 13.864206955271635, 12.91828577734281, 13.505083375202803,
    13.470459868530147, 13.539650162950664, 13.299111705599259, 12.984695173391062,
    13.505083375202803, 13.636432142900775, 13.539650162950664, 13.539650162950664,
    12.960461510661164, 20.0, 13.304998011127749, 13.304998011127749, 14.336537143774256,
    13.770545765104657, 12.916335450723077, 13.764909753373889, 13.506726250481751,
    12.977497321788471, 12.96453187762113, 20.0, 13.494124674183453, 20.02220292979471,
    20.0, 12.999910514045448, 20.02220292979471, 12.90383686288612, 20.08820285130247,
    13.505083375202803, 20.0, 15.066659505491618, 16.364001153353293, 20.0, 12.933240904106798,
    13.59612212769028, 13.3033551358488, 20.0, 21.743195083772193, 13.715705512164448,
    14.306239572902584, 17.571093787541344, 14.191311411868654, 14.53813875507274,
    12.996996820519787, 12.891032105104916, 12.9652071893686, 13.153988705826672,
    17.36587720691716, 13.708081766081381, 13.021137733096458, 14.049928950916879,
    17.377018252457106, 12.977497321788471, 21.318198799003397, 20.0, 13.08199675859547,
    12.904667349235137, 13.153988705826672, 20.03083474553974, 13.211873160071082,
    12.929660218149271, 13.494124674183453, 20.58708135173124, 13.132250681648545,
    20.02220292979471, 12.912096656350585, 20.0, 20.075231361639425, 20.0, 13.166590282124968,
    13.539650162950664, 12.946468821424638, 13.505083375202803, 13.575420958185207,
    15.017057432546542, 13.3033551358488, 13.025036310275759, 14.54694078204361, 17.571093787541344,
    13.506726250481751, 12.961795782446297, 13.16494740684602, 20.02220292979471,
    13.458029327011346, 13.494124674183453, 20.0, 13.92212988315061, 13.494124674183453,
    20.0, 14.54694078204361, 12.929517814736167, 20.08820285130247, 13.154364518129825,
    20.0, 13.505083375202803, 13.505083375202803, 13.190583468387644, 12.903789758000608,
    14.54694078204361, 13.435848111323601, 20.03083474553974, 17.377018252457106,
    13.476395098832883, 13.580478300973702, 13.506726250481751, 13.304998011127749,
    17.571093787541344, 13.59612212769028, 13.161772716000101, 22.56014841855006,
    20.0, 16.978599231615725, 13.986628226292623, 20.0, 20.0, 21.08008133533663, 13.304998011127749,
    20.0, 13.962254534037658, 12.941798968520388, 17.353970615847615, 20.03083474553974,
    13.580478300973702, 20.0, 20.026240936016457, 12.996996820519787, 20.02220292979471,
    20.0, 13.304998011127749, 13.478090662812683, 20.0, 12.960219229650733, 20.0,
    20.0, 13.31007040661861, 13.051211280991492, 12.951089884569551, 13.009023387871668,
    13.494124674183453, 13.726070827144275, 13.311713281897559, 21.06609721358382,
    20.0, 16.145454849722963, 13.47548533674432, 14.72092275555664, 13.120089573058484,
    12.99582060309357, 13.753666133024675, 14.547606979325781, 20.0, 14.138740848491196,
    13.1251744065545, 20.0, 13.91856312568322, 20.02220292979471, 20.0, 12.920459021409215,
    13.240782568040153, 20.03083474553974, 20.0, 13.435848111323601, 20.0, 13.505083375202803,
    14.547606979325781, 15.319782293543641, 21.35713445167936, 13.088892530687895,
    12.996264092576142, 12.898749936215918, 13.467489702865592, 13.153988705826672,
    13.494124674183453, 12.976271502235846, 21.228028897225606, 20.0, 13.14959623612899]
